0, 70, 3.228571, 0.7259941, 0.7644681, 17.12857, 0.6924433, 18.43527
1, 70, 3.228571, 0.7259941, 0.7644681, 17.12857, 0.6924433, 18.43527
2, 70, 3.228571, 0.7259941, 0.7644681, 17.12857, 0.6924433, 18.43527
3, 70, 3.228571, 0.7259941, 0.7644681, 17.12857, 0.6924433, 18.43527
4, 70, 3.228571, 0.7259941, 0.7644681, 17.12857, 0.6924433, 18.43527
5, 70, 3.228571, 0.7259941, 0.7644681, 17.12857, 0.6924433, 18.43527
6, 70, 3.228571, 0.7259941, 0.7644681, 17.12857, 0.6924433, 18.43527
7, 70, 3.228571, 0.7259941, 0.7644681, 17.12857, 0.6924433, 18.43527
8, 70, 3.228571, 0.7259941, 0.7644681, 17.12857, 0.6924433, 18.43527
9, 70, 3.228571, 0.7259941, 0.7644681, 17.12857, 0.6924433, 18.43527
10, 70, 3.228571, 0.7259941, 0.7644681, 17.12857, 0.6924433, 18.43527
11, 70, 3.228571, 0.7259941, 0.7644681, 17.12857, 0.6924433, 18.43527
12, 70, 3.228571, 0.7259941, 0.7644681, 17.12857, 0.6924433, 18.43527
13, 70, 3.228571, 0.7259941, 0.7644681, 17.12857, 0.6924433, 18.43527
14, 70, 3.228571, 0.7259941, 0.7644681, 17.12857, 0.6924433, 18.43527
15, 72, 3.277778, 0.7237228, 0.7656155, 17.125, 0.6865489, 18.53696
16, 75, 3.306667, 0.7255722, 0.7695141, 16.98667, 0.6855876, 18.63315
17, 78, 3.309508, 0.7249439, 0.7729585, 16.89744, 0.6847224, 18.50377
18, 78, 3.309508, 0.7249439, 0.7729585, 16.89744, 0.6847224, 18.50377
19, 80, 3.30177, 0.7264704, 0.7799429, 17.0875, 0.6953916, 18.41955
20, 84, 3.227876, 0.7214913, 0.7786301, 17.3423, 0.7090317, 18.47391
21, 86, 3.199321, 0.7184108, 0.7760677, 17.1483, 0.7104241, 18.46222
22, 88, 3.206154, 0.7175332, 0.7775353, 17.25856, 0.7202643, 18.46222
23, 99, 3.213552, 0.7213012, 0.7666546, 17.8965, 0.7342941, 18.40294
24, 98, 3.185118, 0.7227519, 0.7630119, 17.97708, 0.7402494, 18.5454
25, 100, 3.221416, 0.7197222, 0.7651058, 17.78754, 0.7340405, 18.34879
26, 99, 3.233753, 0.7185423, 0.7666202, 17.82579, 0.734915, 18.2453
27, 94, 3.22491, 0.7170028, 0.7612582, 17.6144, 0.7377189, 18.27472
28, 90, 3.246018, 0.7135509, 0.7592541, 17.49726, 0.7340999, 18.26726
29, 88, 3.228882, 0.7154172, 0.7583562, 17.55402, 0.7209784, 18.22766
30, 79, 3.191666, 0.721119, 0.7602922, 17.25005, 0.7391862, 17.61364
31, 77, 3.196644, 0.7201427, 0.7595124, 17.36044, 0.7411025, 17.72204
32, 75, 3.161888, 0.7193061, 0.7565847, 17.42338, 0.7431252, 17.83999
33, 72, 3.126966, 0.7161356, 0.7570418, 17.41324, 0.7538285, 17.83999
34, 65, 3.125255, 0.7164084, 0.7535281, 17.5039, 0.7811691, 17.90784
35, 70, 3.287737, 0.7189264, 0.7490629, 17.62505, 0.7664731, 18.27126
36, 64, 3.205337, 0.7102698, 0.7468373, 17.49615, 0.7786076, 18.00332
37, 63, 3.208597, 0.7090837, 0.7487039, 17.67863, 0.7786076, 17.92665
38, 62, 3.308735, 0.7054119, 0.7447278, 18.46377, 0.8070483, 17.68322
39, 59, 3.256637, 0.7081555, 0.7372794, 18.48735, 0.8142877, 17.68322
40, 57, 3.22807, 0.7067509, 0.7338547, 18.71498, 0.825968, 17.68322
41, 53, 3.207547, 0.7019687, 0.7333852, 18.75007, 0.8226162, 17.62677
42, 47, 3.234043, 0.6989858, 0.7479135, 19.20752, 0.8293532, 17.822
43, 47, 3.234043, 0.6989858, 0.7479135, 19.20752, 0.8293532, 17.822
44, 45, 3.177778, 0.6978445, 0.7449154, 19.15008, 0.8215292, 18.01135
45, 43, 3.139535, 0.6938022, 0.7426139, 19.31985, 0.8247323, 18.01135
46, 39, 3.230769, 0.6982102, 0.7284887, 19.71795, 0.8334239, 18.22881
47, 37, 3.135135, 0.7005919, 0.7162769, 19.86486, 0.8327763, 18.07631
48, 37, 3.135135, 0.7005919, 0.7162769, 19.86486, 0.8327763, 18.07631
49, 36, 3.138889, 0.7005651, 0.7104225, 20, 0.8327763, 18.02121
50, 35, 3.142857, 0.6958264, 0.7047936, 20.25714, 0.8327763, 18.26034
51, 39, 3.025641, 0.693745, 0.692619, 20.23077, 0.8364842, 18.60428
52, 37, 2.945946, 0.6920737, 0.6874436, 20.21622, 0.8272387, 18.87062
53, 33, 2.69697, 0.7011561, 0.6791509, 19.48485, 0.8050494, 18.99899
54, 32, 2.65625, 0.707094, 0.6764005, 19.59375, 0.8022363, 18.99899
55, 27, 2.518518, 0.6999038, 0.6555813, 19.22222, 0.8155509, 18.74288
56, 22, 2.318182, 0.6996382, 0.643562, 18.36364, 0.7992781, 18.9079
57, 19, 2.368421, 0.6825708, 0.6256905, 18.63158, 0.8004614, 19.22677
58, 17, 2.411765, 0.6865656, 0.6122847, 19.41176, 0.8004614, 19.20865
59, 17, 2.411765, 0.6865656, 0.6122847, 19.41176, 0.8004614, 19.20865
60, 17, 2.411765, 0.6865656, 0.6122847, 19.41176, 0.8004614, 19.20865
61, 17, 2.411765, 0.6865656, 0.6122847, 19.41176, 0.8004614, 19.20865
62, 16, 2.375, 0.6963372, 0.6159799, 19.6875, 0.8004614, 19.2172
63, 16, 2.375, 0.6963372, 0.6159799, 19.6875, 0.8004614, 19.2172
64, 16, 2.375, 0.6963372, 0.6159799, 19.6875, 0.8004614, 19.2172
65, 15, 2.4, 0.6824018, 0.6139361, 19.4, 0.8004614, 19.71215
66, 15, 2.4, 0.6824018, 0.6139361, 19.4, 0.8004614, 19.71215
67, 14, 2.357143, 0.6707984, 0.6176003, 19.35714, 0.8004614, 19.57406
68, 13, 2.384615, 0.6705357, 0.620024, 19.30769, 0.8004614, 19.4178
69, 13, 2.384615, 0.6349825, 0.672519, 18.84615, 0.78065, 19.21977
70, 14, 2.214286, 0.6176885, 0.6928157, 18.85714, 0.8139633, 19.02668
71, 13, 2.153846, 0.6133404, 0.7058378, 18.76923, 0.8418759, 19.02668
72, 13, 2.153846, 0.6133404, 0.7058378, 18.76923, 0.8418759, 19.02668
73, 13, 2.153846, 0.6133404, 0.7058378, 18.76923, 0.8418759, 19.02668
74, 13, 2.153846, 0.6133404, 0.7058378, 18.76923, 0.8418759, 19.02668
75, 13, 2.153846, 0.6133404, 0.7058378, 18.76923, 0.8418759, 19.02668
76, 12, 2.166667, 0.6202672, 0.7185608, 18.33333, 0.8418759, 19.01289
77, 11, 2.272727, 0.6284533, 0.6996083, 18.63636, 0.8072124, 19.01289
78, 14, 2.214286, 0.6333524, 0.6548088, 19.74477, 0.8467721, 20.00589
79, 15, 2.2, 0.6360765, 0.6502276, 19.76179, 0.8467721, 20.08864
80, 14, 2.142857, 0.6333524, 0.6548088, 19.45906, 0.8755006, 20.08864
81, 14, 2.142857, 0.6333524, 0.6548088, 19.45906, 0.8755006, 20.08864
82, 13, 1.923077, 0.63072, 0.6649073, 19.41745, 0.9157206, 20.08864
83, 16, 1.9375, 0.638045, 0.6383986, 19.52668, 0.8379345, 20.15301
84, 16, 1.9375, 0.638045, 0.6383986, 19.52668, 0.8379345, 20.15301
85, 16, 1.9375, 0.638045, 0.6383986, 19.52668, 0.8379345, 20.15301
86, 16, 1.9375, 0.638045, 0.6383986, 19.52668, 0.8379345, 20.15301
87, 16, 1.9375, 0.638045, 0.6383986, 19.52668, 0.8379345, 20.15301
88, 16, 1.9375, 0.638045, 0.6383986, 19.52668, 0.8379345, 20.15301
89, 16, 1.9375, 0.638045, 0.6383986, 19.52668, 0.8379345, 20.15301
90, 16, 1.9375, 0.638045, 0.6383986, 19.52668, 0.8379345, 20.15301
91, 16, 1.9375, 0.638045, 0.6383986, 19.52668, 0.8379345, 20.15301
92, 16, 1.9375, 0.638045, 0.6383986, 19.52668, 0.8379345, 20.15301
93, 16, 1.9375, 0.638045, 0.6383986, 19.52668, 0.8379345, 20.15301
94, 16, 1.9375, 0.638045, 0.6383986, 19.52668, 0.8379345, 20.15301
95, 16, 1.9375, 0.638045, 0.6383986, 19.52668, 0.8379345, 20.15301
96, 14, 1.928571, 0.6328781, 0.6458711, 19.45906, 0.8379345, 20.00589
97, 16, 1.9375, 0.6107161, 0.6555917, 19.37075, 0.8786236, 20.00589
98, 15, 1.933333, 0.606483, 0.6602251, 19.3288, 0.8888142, 20.05002
99, 15, 1.933333, 0.606483, 0.6602251, 19.3288, 0.8888142, 20.05002
100, 15, 1.933333, 0.606483, 0.6602251, 19.3288, 0.8888142, 20.05002
101, 14, 1.928571, 0.6119304, 0.641167, 19.638, 0.8888142, 20.28174
102, 14, 1.928571, 0.6119304, 0.641167, 19.638, 0.8888142, 20.28174
103, 18, 2.281883, 0.625771, 0.6170766, 20.28959, 0.8905982, 20.41047
104, 20, 2.253695, 0.6306152, 0.6139781, 21.07265, 0.8912844, 20.44725
105, 20, 2.253695, 0.6306152, 0.6139781, 21.07265, 0.8912844, 20.44725
106, 25, 2.202955, 0.6399686, 0.6111767, 20.85812, 0.8766702, 20.47483
107, 26, 2.19515, 0.6414889, 0.6115465, 20.82512, 0.8766702, 20.49629
108, 26, 2.19515, 0.6414889, 0.6115465, 20.82512, 0.8766702, 20.49629
109, 26, 2.19515, 0.6414889, 0.6115465, 20.82512, 0.8766702, 20.49629
110, 26, 2.19515, 0.6414889, 0.6115465, 20.82512, 0.8766702, 20.49629
111, 26, 2.19515, 0.6414889, 0.6115465, 20.82512, 0.8766702, 20.49629
112, 26, 2.19515, 0.6414889, 0.6115465, 20.82512, 0.8766702, 20.49629
113, 26, 2.19515, 0.6414889, 0.6115465, 20.82512, 0.8766702, 20.49629
114, 26, 2.19515, 0.6414889, 0.6115465, 20.82512, 0.8766702, 20.49629
115, 26, 2.19515, 0.6414889, 0.6115465, 20.82512, 0.8766702, 20.49629
116, 24, 2.253079, 0.6507612, 0.6008337, 20.93554, 0.8701791, 20.66793
117, 24, 2.253079, 0.6507612, 0.6008337, 20.93554, 0.8701791, 20.66793
118, 24, 2.253079, 0.6507612, 0.6008337, 20.93554, 0.8701791, 20.66793
119, 24, 2.253079, 0.6507612, 0.6008337, 20.93554, 0.8701791, 20.66793
120, 24, 2.253079, 0.6507612, 0.6008337, 20.93554, 0.8701791, 20.66793
121, 23, 2.264082, 0.6497416, 0.6014747, 20.97622, 0.8682231, 20.66793
122, 21, 2.289233, 0.6471595, 0.6012874, 20.90601, 0.8634084, 20.66793
123, 19, 2.319678, 0.6443117, 0.602887, 21.00138, 0.8634084, 20.66793
124, 19, 2.319678, 0.6443117, 0.602887, 21.00138, 0.8634084, 20.66793
125, 19, 2.319678, 0.6518903, 0.5867688, 21.26453, 0.83986, 20.66793
126, 21, 2.289233, 0.6545194, 0.5807458, 21.1441, 0.8136432, 20.66793
127, 20, 2.303694, 0.6544627, 0.5884699, 21.20131, 0.8291128, 20.66793
128, 19, 2.319678, 0.6610018, 0.5706506, 21.52769, 0.8164948, 20.66793
129, 22, 2, 0.663008, 0.5727561, 21.47514, 0.8228812, 20.66793
130, 26, 2, 0.6647319, 0.5748076, 21.5118, 0.8372506, 20.66793
131, 27, 2, 0.665083, 0.5752255, 21.4558, 0.8409135, 20.66793
132, 27, 2, 0.665083, 0.5752255, 21.4558, 0.8409135, 20.66793
133, 29, 1.965517, 0.6658948, 0.5759748, 21.3554, 0.8441693, 20.66793
134, 31, 1.967742, 0.6666018, 0.5697461, 20.95938, 0.8497041, 20.66793
135, 32, 1.96875, 0.6668397, 0.5702569, 20.9294, 0.8497041, 20.52845
136, 32, 1.96875, 0.6668397, 0.5702569, 20.9294, 0.8497041, 20.52845
137, 32, 1.96875, 0.6668397, 0.5702569, 20.9294, 0.8497041, 20.52845
138, 30, 1.966667, 0.6759477, 0.5713965, 20.90786, 0.835168, 20.52845
139, 31, 1.967742, 0.6760621, 0.5698524, 20.87857, 0.8237456, 20.52845
140, 33, 1.969697, 0.6761101, 0.5699922, 20.82533, 0.8237456, 20.54838
141, 35, 1.971429, 0.6763035, 0.570116, 20.77816, 0.8134654, 20.55635
142, 36, 1.972222, 0.6762455, 0.5688219, 20.75655, 0.8134654, 20.56332
143, 34, 1.970588, 0.676365, 0.5678061, 20.59947, 0.8089364, 20.55635
144, 31, 1.967742, 0.6765733, 0.5729179, 20.1336, 0.7982796, 20.54838
145, 29, 1.965517, 0.6765539, 0.5708129, 20.14281, 0.8035395, 20.54838
146, 25, 1.96, 0.6762946, 0.5655923, 20.16566, 0.7887736, 20.52845
147, 26, 1.961538, 0.6762146, 0.5663807, 20.15929, 0.7887736, 20.53918
148, 31, 1.967742, 0.6758918, 0.5695598, 20.1336, 0.7806041, 20.27411
149, 33, 1.969697, 0.6759501, 0.5705617, 20.1255, 0.7813985, 20.27411
150, 33, 1.969697, 0.6759501, 0.5705617, 20.1255, 0.7813985, 20.27411
151, 33, 1.969697, 0.6759501, 0.5705617, 20.1255, 0.7813985, 20.27411
152, 33, 1.969697, 0.6759501, 0.5705617, 20.1255, 0.7813985, 20.27411
153, 35, 2.063954, 0.6759794, 0.5714223, 20.31415, 0.7945229, 20.27411
154, 42, 2.053295, 0.6738437, 0.5780294, 20.58816, 0.813613, 20.33319
155, 44, 2.067777, 0.6738604, 0.5783958, 20.84171, 0.813613, 20.46962
156, 45, 2.066271, 0.6738683, 0.5785668, 20.91074, 0.813613, 20.47824
157, 47, 2.063451, 0.6741077, 0.5762247, 20.87198, 0.813613, 20.49342
158, 51, 2.058475, 0.6744267, 0.5734594, 20.80359, 0.793613, 20.50634
159, 54, 2.055226, 0.6746104, 0.5736452, 20.85278, 0.7766898, 20.51211
160, 55, 2.054222, 0.6746992, 0.5738714, 20.83727, 0.7766898, 20.51749
161, 55, 2.054222, 0.6746992, 0.5738714, 20.83727, 0.7766898, 20.51749
162, 57, 2.052319, 0.6748675, 0.5743002, 20.90174, 0.781239, 20.5225
